[0, 0]
[0, 0]
[0, 0]
[0, 0]
[0, 0]
[0, 0]
[0, 0]
[0, 0]
[0, 0]
[0, 0]
[0, 0]
[0, 0]
[0, 0]
[0, 0]
[0, 0]
[0, 0]
[0, 0]
[0, 0]
[0, 0]
[0, 0]
[0, 0]
[0, 0]
[0, 0]
[0, 0]
[0, 0]
[0, 0]
[0, 0]
[0, 0]
[0, 0]
[0, 0]
[0, 0]
[0, 0]
[0, 0]
[0, 0]
[0, 0]
[0, 0]
[0, 0]
[0, 0]
[0, 0]
[0, 0]
[0, 0]
[0, 0]
[0, 0]
[0, 0]
[0, 0]
[0, 0]
[0, 0]
[0, 0]
[0, 0]
[0, 0]
[0, 0]
[0, 0]
[0, 0]
[0, 0]
[0, 0]
[0, 0]
[0, 0]
[0, 0]
[0, 0]
[0, 0]
[0, 0]
[0, 0]
[0, 0]
[0, 0]
[0, 0]
[0, 0]
[0, 0]
[0, 0]
[0, 0]
[0, 0]
[0, 0]
[0, 0]
[0, 0]
[0, 0]
[0, 0]
[0, 0]
[0, 0]
[0, 0]
[0, 0]
[0, 0]
[0, 0]
[0, 0]
[0, 0]
[0, 0]
[0, 0]
[0, 0]
[0, 0]
[0, 0]
[0, 0]
[0, 0]
[0, 0]
[0, 0]
[0, 0]
[0, 0]
[0, 0]
[0, 0]
[0, 0]
[0, 0]
[0, 0]
[0, 0]
[0, 0]
[0, 0]
[0, 0]
[0, 0]
[0, 0]
[0, 0]
[0, 0]
[0, 0]
[0, 0]
[0, 0]
[0, 0]
[0, 0]
[0, 0]
[0, 0]
[0, 0]
[0, 0]
[0, 0]
[0, 0]
[0, 0]
[0, 0]
[0, 0]
[0, 0]
[0, 0]
[0, 0]
[0, 0]
[0, 0]
[0, 0]
[0.0588235, 0.0588235]
[0.752941, 1.0]
[0.992157, 1.0]
[0.819608, 1.0]
[0.0705882, 0.0705882]
[0, 0]
[0, 0]
[0, 0]
[0, 0]
[0, 0]
[0, 0]
[0, 0]
[0, 0]
[0, 0]
[0, 0]
[0, 0]
[0, 0]
[0, 0]
[0, 0]
[0, 0]
[0, 0]
[0, 0]
[0, 0]
[0, 0]
[0, 0]
[0, 0]
[0, 0]
[0, 0]
[0.643137, 1.0]
[0.988235, 1.0]
[0.988235, 1.0]
[0.988235, 1.0]
[0.552941, 0.552941]
[0, 0]
[0, 0]
[0, 0]
[0, 0]
[0, 0]
[0, 0]
[0, 0]
[0, 0]
[0, 0]
[0, 0]
[0, 0]
[0, 0]
[0, 0]
[0, 0]
[0, 0]
[0, 0]
[0, 0]
[0, 0]
[0, 0]
[0, 0]
[0, 0]
[0, 0]
[0.0156863, 0.0156863]
[0.764706, 1.0]
[0.988235, 1.0]
[0.988235, 1.0]
[0.988235, 1.0]
[0.980392, 1.0]
[0.227451, 0.227451]
[0, 0]
[0, 0]
[0, 0]
[0, 0]
[0, 0]
[0, 0]
[0, 0]
[0, 0]
[0, 0]
[0, 0]
[0, 0]
[0, 0]
[0, 0]
[0, 0]
[0, 0]
[0, 0]
[0, 0]
[0, 0]
[0, 0]
[0, 0]
[0, 0]
[0.545098, 0.545098]
[0.988235, 1.0]
[0.988235, 1.0]
[0.988235, 1.0]
[0.988235, 1.0]
[0.992157, 1.0]
[0.247059, 0.247059]
[0, 0]
[0, 0]
[0, 0]
[0, 0]
[0, 0]
[0, 0]
[0, 0]
[0, 0]
[0, 0]
[0, 0]
[0, 0]
[0, 0]
[0, 0]
[0, 0]
[0, 0]
[0, 0]
[0, 0]
[0, 0]
[0, 0]
[0.105882, 0.105882]
[0.760784, 1.0]
[0.992157, 1.0]
[0.988235, 1.0]
[0.988235, 1.0]
[0.988235, 1.0]
[0.988235, 1.0]
[0.992157, 1.0]
[0.247059, 0.247059]
[0, 0]
[0, 0]
[0, 0]
[0, 0]
[0, 0]
[0, 0]
[0, 0]
[0, 0]
[0, 0]
[0, 0]
[0, 0]
[0, 0]
[0, 0]
[0, 0]
[0, 0]
[0, 0]
[0, 0]
[0, 0]
[0.294118, 0.294118]
[0.854902, 1.0]
[0.992157, 1.0]
[0.996078, 1.0]
[0.937255, 1.0]
[0.737255, 1.0]
[0.992157, 1.0]
[0.992157, 1.0]
[0.968627, 1.0]
[0.207843, 0.207843]
[0, 0]
[0, 0]
[0, 0]
[0, 0]
[0, 0]
[0, 0]
[0, 0]
[0, 0]
[0, 0]
[0, 0]
[0, 0]
[0, 0]
[0, 0]
[0, 0]
[0, 0]
[0, 0]
[0, 0]
[0, 0]
[0.807843, 1.0]
[0.988235, 1.0]
[0.988235, 1.0]
[0.8, 1.0]
[0.266667, 0.266667]
[0.635294, 0.635294]
[0.988235, 1.0]
[0.988235, 1.0]
[0.690196, 1.0]
[0, 0]
[0, 0]
[0, 0]
[0, 0]
[0, 0]
[0, 0]
[0, 0]
[0, 0]
[0, 0]
[0, 0]
[0, 0]
[0, 0]
[0, 0]
[0, 0]
[0, 0]
[0, 0]
[0, 0]
[0, 0]
[0.513725, 0.513725]
[0.984314, 1.0]
[0.988235, 1.0]
[0.745098, 1.0]
[0.0352941, 0.0352941]
[0.341176, 0.341176]
[0.984314, 1.0]
[0.988235, 1.0]
[0.988235, 1.0]
[0.207843, 0.207843]
[0, 0]
[0, 0]
[0, 0]
[0, 0]
[0, 0]
[0, 0]
[0, 0]
[0, 0]
[0, 0]
[0, 0]
[0, 0]
[0, 0]
[0, 0]
[0, 0]
[0, 0]
[0, 0]
[0, 0]
[0, 0]
[0.745098, 1.0]
[0.988235, 1.0]
[0.988235, 1.0]
[0.164706, 0.164706]
[0.215686, 0.215686]
[0.909804, 1.0]
[0.988235, 1.0]
[0.988235, 1.0]
[0.607843, 0.607843]
[0, 0]
[0, 0]
[0, 0]
[0, 0]
[0, 0]
[0, 0]
[0, 0]
[0, 0]
[0, 0]
[0, 0]
[0, 0]
[0, 0]
[0, 0]
[0, 0]
[0, 0]
[0, 0]
[0, 0]
[0, 0]
[0, 0]
[0.262745, 0.262745]
[0.956863, 1.0]
[0.988235, 1.0]
[0.854902, 1.0]
[0.92549, 1.0]
[0.988235, 1.0]
[0.988235, 1.0]
[0.780392, 1.0]
[0.027451, 0.027451]
[0, 0]
[0, 0]
[0, 0]
[0, 0]
[0, 0]
[0, 0]
[0, 0]
[0, 0]
[0, 0]
[0, 0]
[0, 0]
[0, 0]
[0, 0]
[0, 0]
[0, 0]
[0, 0]
[0, 0]
[0, 0]
[0, 0]
[0, 0]
[0.670588, 1.0]
[0.992157, 1.0]
[0.992157, 1.0]
[1, 1.0]
[0.992157, 1.0]
[0.87451, 1.0]
[0.137255, 0.137255]
[0, 0]
[0, 0]
[0, 0]
[0, 0]
[0, 0]
[0, 0]
[0, 0]
[0, 0]
[0, 0]
[0, 0]
[0, 0]
[0, 0]
[0, 0]
[0, 0]
[0, 0]
[0, 0]
[0, 0]
[0, 0]
[0, 0]
[0, 0]
[0.113725, 0.113725]
[0.835294, 1.0]
[0.988235, 1.0]
[0.988235, 1.0]
[0.992157, 1.0]
[0.988235, 1.0]
[0.494118, 0.494118]
[0, 0]
[0, 0]
[0, 0]
[0, 0]
[0, 0]
[0, 0]
[0, 0]
[0, 0]
[0, 0]
[0, 0]
[0, 0]
[0, 0]
[0, 0]
[0, 0]
[0, 0]
[0, 0]
[0, 0]
[0, 0]
[0, 0]
[0, 0]
[0.152941, 0.152941]
[0.835294, 1.0]
[0.988235, 1.0]
[0.988235, 1.0]
[0.988235, 1.0]
[0.92549, 1.0]
[0.988235, 1.0]
[0.87451, 1.0]
[0, 0]
[0, 0]
[0, 0]
[0, 0]
[0, 0]
[0, 0]
[0, 0]
[0, 0]
[0, 0]
[0, 0]
[0, 0]
[0, 0]
[0, 0]
[0, 0]
[0, 0]
[0, 0]
[0, 0]
[0, 0]
[0, 0]
[0.105882, 0.105882]
[0.992157, 1.0]
[0.988235, 1.0]
[0.988235, 1.0]
[0.92549, 1.0]
[0.568627, 0.568627]
[0.054902, 0.054902]
[0.827451, 1.0]
[0.960784, 1.0]
[0.219608, 0.219608]
[0, 0]
[0, 0]
[0, 0]
[0, 0]
[0, 0]
[0, 0]
[0, 0]
[0, 0]
[0, 0]
[0, 0]
[0, 0]
[0, 0]
[0, 0]
[0, 0]
[0, 0]
[0, 0]
[0, 0]
[0.105882, 0.105882]
[0.827451, 1.0]
[0.992157, 1.0]
[0.988235, 1.0]
[0.956863, 1.0]
[0.258824, 0.258824]
[0, 0]
[0, 0]
[0.745098, 1.0]
[0.988235, 1.0]
[0.67451, 1.0]
[0, 0]
[0, 0]
[0, 0]
[0, 0]
[0, 0]
[0, 0]
[0, 0]
[0, 0]
[0, 0]
[0, 0]
[0, 0]
[0, 0]
[0, 0]
[0, 0]
[0, 0]
[0, 0]
[0, 0]
[0.25098, 0.25098]
[0.992157, 1.0]
[0.996078, 1.0]
[0.937255, 1.0]
[0.243137, 0.243137]
[0, 0]
[0, 0]
[0, 0]
[0.74902, 1.0]
[0.992157, 1.0]
[0.745098, 1.0]
[0, 0]
[0, 0]
[0, 0]
[0, 0]
[0, 0]
[0, 0]
[0, 0]
[0, 0]
[0, 0]
[0, 0]
[0, 0]
[0, 0]
[0, 0]
[0, 0]
[0, 0]
[0, 0]
[0, 0]
[0.25098, 0.25098]
[0.988235, 1.0]
[0.992157, 1.0]
[0.768628, 1.0]
[0.168627, 0.168627]
[0, 0]
[0, 0]
[0.403922, 0.403922]
[0.929412, 1.0]
[0.988235, 1.0]
[0.6, 0.6]
[0, 0]
[0, 0]
[0, 0]
[0, 0]
[0, 0]
[0, 0]
[0, 0]
[0, 0]
[0, 0]
[0, 0]
[0, 0]
[0, 0]
[0, 0]
[0, 0]
[0, 0]
[0, 0]
[0, 0]
[0.0235294, 0.0235294]
[0.427451, 0.427451]
[0.960784, 1.0]
[0.988235, 1.0]
[0.94902, 1.0]
[0.909804, 1.0]
[0.909804, 1.0]
[0.992157, 1.0]
[0.988235, 1.0]
[0.94902, 1.0]
[0.164706, 0.164706]
[0, 0]
[0, 0]
[0, 0]
[0, 0]
[0, 0]
[0, 0]
[0, 0]
[0, 0]
[0, 0]
[0, 0]
[0, 0]
[0, 0]
[0, 0]
[0, 0]
[0, 0]
[0, 0]
[0, 0]
[0, 0]
[0, 0]
[0.305882, 0.305882]
[0.988235, 1.0]
[0.988235, 1.0]
[0.988235, 1.0]
[0.988235, 1.0]
[0.992157, 1.0]
[0.905882, 1.0]
[0.505882, 0.505882]
[0, 0]
[0, 0]
[0, 0]
[0, 0]
[0, 0]
[0, 0]
[0, 0]
[0, 0]
[0, 0]
[0, 0]
[0, 0]
[0, 0]
[0, 0]
[0, 0]
[0, 0]
[0, 0]
[0, 0]
[0, 0]
[0, 0]
[0, 0]
[0.027451, 0.027451]
[0.301961, 0.301961]
[0.784314, 1.0]
[0.886275, 1.0]
[0.576471, 0.576471]
[0.164706, 0.164706]
[0.109804, 0.109804]
[0, 0]
[0, 0]
[0, 0]
[0, 0]
[0, 0]
[0, 0]
[0, 0]
[0, 0]
[0, 0]
[0, 0]
[0, 0]
[0, 0]
[0, 0]
[0, 0]
[0, 0]
[0, 0]
[0, 0]
[0, 0]
[0, 0]
[0, 0]
[0, 0]
[0, 0]
[0, 0]
[0, 0]
[0, 0]
[0, 0]
[0, 0]
[0, 0]
[0, 0]
[0, 0]
[0, 0]
[0, 0]
[0, 0]
[0, 0]
[0, 0]
[0, 0]
[0, 0]
[0, 0]
[0, 0]
[0, 0]
[0, 0]
[0, 0]
[0, 0]
[0, 0]
[0, 0]
[0, 0]
[0, 0]
[0, 0]
[0, 0]
[0, 0]
[0, 0]
[0, 0]
[0, 0]
[0, 0]
[0, 0]
[0, 0]
[0, 0]
[0, 0]
[0, 0]
[0, 0]
[0, 0]
[0, 0]
[0, 0]
[0, 0]
[0, 0]
[0, 0]
[0, 0]
[0, 0]
[0, 0]
[0, 0]
[0, 0]
[0, 0]
[0, 0]
[0, 0]
[0, 0]
[0, 0]
[0, 0]
[0, 0]
[0, 0]
[0, 0]
[0, 0]
[0, 0]
[0, 0]
[0, 0]
[0, 0]
[0, 0]
[0, 0]
[0, 0]
[0, 0]
[0, 0]
[0, 0]
[0, 0]
[0, 0]
[0, 0]
[0, 0]
[0, 0]
[0, 0]
[0, 0]
[0, 0]
[0, 0]
[0, 0]
[0, 0]
[0, 0]
[0, 0]
[0, 0]
[0, 0]
[0, 0]
[0, 0]
[0, 0]
[0, 0]
[0, 0]
[0, 0]
[0, 0]
[0, 0]
[0, 0]
[0, 0]
[0, 0]
[0, 0]
[0, 0]
[0, 0]
[0, 0]
[0, 0]
[0, 0]
[0, 0]
